952972604073996358
952972619198632026
952972608251519016
952972618825343087
952972629864763412
952972629525028884
952972618368163851
952972618481410118
952972609207824464
952972646860062750
952972619173482506
952972629369819136
952972608687734784
952972643932459058
952972618380759130
952972604547928074
952972603897823232
952972610117980192
952972607001595924
952972644406419557
952972623019671602
952972623212589137
952972609094561812
952972619030863912
952972607475572866
952972626429636678
952972633593479189
952972609513992252
952972626584813639
952972602333339719
952972623787216907
952972609203626035
952972618842128444
952972609002291240
952972625007759370
952972628166058044
952972610210258976
952972615042072647
952972609887297616
952972604547944479
952972623061614592
952972633618657280
952972607630770216
952972627952160788
952972644112826488
952972647208206346
952972613846700052
952972619404173362
952972622054961162
952972625171316746
952972605583917126
952972604606644264
952972620851208253
952972619399979028
952972604375965706
952972618322018334
952972618762436719
952972610394812508
952972604531146792
952972605076410398
952972618296868904
952972607328780359
952972620821823528
952972603331600395
952972604006871102
952972606657671168
952972603507744778
952972623673962616
952972629357236264
952972604275306566
952972604212387861
952972628040220683
952972619043463209
952972619374796840
952972646809755648
952972625230057482
952972609199435776
952972610659037264
952972628644220938
952972601918103583
952972628543537192
952972626345746492
952972619160883200
952972603763593266
952972604619247646
952972608637394974
952972647573098586
952972610675834930
952972610445131797
952972619035050064
952972607395872798
952972644465135687
952972619295121458
952972628065402972
952972604224987186
952972618972147783
952972619525783642
952972608964546591
952972649200488489
952972618967957514
952972608473808967
952972620733743144
952972605311307786
952972618984751154
952972611057483786
952972602501124166
952972605055463444
952972619156693042
952972622310834216
952972622738628679
952972604002697288
952972602333364294
952972608868073494
952972604027838476
952972602861821962
952972642862895154
952972609815998514
952972611183325294
952972623082573904
952972604233355284
