952969037300781106
952972649531859025
952972649460531201
952972647673774120
952972647652802560
952972647518580836
952972647208210433
952972647204007987
952972647145299968
952972647120109658
952972647036248075
952972646969126952
952972646881046678
952972646809751572
952972646759399435
952972646751023144
952972646688129044
952972646671327262
952972646650376202
952972646646185994
952972646612623400
952972646600032327
952972646579069058
952972646570680391
952972646503563334
952972646423863357
952972646365138964
952972646327394324
952972646285471834
952972646251909212
952972644377047162
952972644150562896
952972643965993041
952972643852763238
952972643848552458
952972643823403049
952972643705970700
952972643487875083
952972642456059964
952972642418323486
952972642393141278
952972642162462753
952972642057605141
952972629571174431
952972611137175603
952972610461921331
952972609883111524
952972609325236344
952972608368959558
952972607379107920
952972606997422221
952969799108030558
952969037300781107
